1530 0 1 0 0
1530 0 1 1 1
1530 0 1 2 0
1530 0 1 3 0
1530 0 1 4 0
1530 0 1 5 0
1530 0 1 6 0
1530 0 1 7 0
1530 0 1 8 0
1530 0 1 9 0
1530 0 1 10 0
1530 0 1 11 1
1530 0 1 12 0
1530 0 1 13 0
1530 0 1 14 0
1530 0 1 15 0
1530 0 1 16 0
1530 0 1 17 0
1530 0 1 18 0
1530 0 1 19 0
1530 0 1 20 0
1530 0 1 21 0
1530 0 1 22 1
1530 0 2 0 0
1530 0 2 1 0
1530 0 2 2 0
1530 0 2 3 0
1530 0 2 4 0
1530 0 2 5 0
1530 0 2 6 0
1530 0 2 7 0
1530 0 2 8 0
1530 0 2 9 0
1530 0 2 10 1
1530 0 2 11 0
1530 0 2 12 0
1530 0 2 13 0
1530 0 3 0 0
1530 0 3 1 0
1530 0 3 2 0
1530 0 3 3 0
1530 0 3 4 0
1530 0 3 5 0
1530 0 3 6 0
1530 0 3 7 0
1530 0 3 8 0
1530 0 3 9 0
1530 0 3 10 0
1530 0 3 11 0
1530 0 3 12 0
1530 0 4 0 0
1530 0 4 1 0
1530 0 4 2 0
1530 0 4 3 0
1530 0 4 4 0
1530 0 4 5 0
1530 0 4 6 0
1530 0 4 7 0
1530 0 4 8 0
1530 0 4 9 0
1530 0 4 10 0
1530 0 5 0 0
1530 0 5 1 0
1530 0 5 2 0
1530 0 5 3 0
1530 0 5 4 0
1530 0 5 5 0
1530 0 5 6 0
1530 0 5 7 0
1530 0 5 8 0
1530 0 5 9 0
1530 0 5 10 0
1530 0 5 11 0
1530 0 5 12 0
1530 0 5 13 0
1530 0 5 14 0
1530 0 6 0 0
1530 0 6 1 0
1530 0 6 2 0
1530 0 6 3 0
1530 0 6 4 0
1530 0 6 5 0
1530 0 6 6 0
1530 0 6 7 0
1530 0 6 8 0
1530 0 6 9 0
1530 0 6 10 0
1530 0 6 11 0
1530 0 6 12 0
1530 0 6 13 0
1530 0 6 14 0
1530 0 6 15 0
1530 0 6 16 0
1530 0 6 17 0
1530 0 6 18 0
1530 0 6 19 0
1530 0 7 0 0
1530 0 7 1 0
1530 0 7 2 0
1530 0 7 3 0
1530 0 7 4 0
1530 0 7 5 0
1530 0 7 6 0
1530 0 7 7 0
1530 0 7 8 0
1530 0 7 9 0
1530 0 7 10 0
1530 0 7 11 0
1530 0 7 12 0
1530 0 8 0 0
1530 0 8 1 0
1530 0 8 2 0
1530 0 8 3 0
1530 0 8 4 1
1530 0 8 5 1
1530 0 8 6 0
1530 0 8 7 0
1530 0 9 0 0
1530 0 9 1 0
1530 0 9 2 0
1530 0 9 3 0
1530 0 9 4 0
1530 0 9 5 0
1530 0 9 6 0
1530 0 9 7 0
1530 0 9 8 0
1530 0 9 9 0
1530 0 9 10 0
1530 0 9 11 0
1530 0 9 12 0
1530 0 9 13 0
1530 0 9 14 0
1530 0 9 15 0
1530 0 9 16 0
1530 0 9 17 0
1530 0 10 0 0
1530 0 10 1 0
1530 0 10 2 0
1530 0 10 3 0
1530 0 10 4 0
1530 0 10 5 0
1530 0 10 6 0
1530 0 10 7 0
1530 0 10 8 0
1530 0 10 9 0
1530 0 10 10 0
1530 0 10 11 0
1530 0 10 12 0
1530 0 10 13 0
1530 0 10 14 0
1530 0 10 15 0
1530 0 10 16 0
1530 1 11 0 0
1530 1 11 1 0
1530 1 11 2 0
1530 1 11 3 0
1530 1 11 4 0
1530 1 11 5 0
1530 1 11 6 0
1530 1 11 7 0
1530 1 11 8 0
1530 1 11 9 0
1530 1 11 10 0
1530 1 11 11 0
1530 1 11 12 0
1530 1 11 13 0
1530 1 11 14 0
1530 1 12 0 0
1530 1 12 1 0
1530 1 12 2 0
1530 1 12 3 0
1530 1 12 4 0
1530 1 12 5 0
1530 1 12 6 0
1530 1 12 7 0
1530 1 12 8 0
1530 1 12 9 0
1530 1 12 10 0
1530 1 12 11 0
1530 1 13 0 0
1530 1 13 1 0
1530 1 13 2 0
1530 1 13 3 0
1530 1 13 4 0
1530 1 13 5 0
1530 1 13 6 0
1530 1 13 7 0
1530 1 14 0 0
1530 1 14 1 0
1530 1 14 2 0
1530 1 14 3 0
1530 1 14 4 0
1530 1 14 5 0
1530 1 14 6 0
1530 1 14 7 0
1530 1 14 8 0
1530 1 14 9 0
1530 1 14 10 0
1530 1 14 11 0
1530 1 14 12 0
1530 1 14 13 0
1530 1 15 0 0
1530 1 15 1 0
1530 1 15 2 0
1530 1 15 3 0
1530 1 15 4 0
1530 1 15 5 0
1530 1 15 6 0
1530 1 15 7 0
1530 1 15 8 0
1530 1 15 9 0
1530 1 15 10 0
1530 1 15 11 0
1530 1 15 12 0
1530 1 15 13 0
1530 1 15 14 0
1530 1 15 15 1
1530 1 16 0 0
1530 1 16 1 0
1530 1 16 2 0
1530 1 16 3 0
1530 1 16 4 0
1530 1 16 5 0
1530 1 16 6 0
1530 1 16 7 0
1530 1 16 8 0
1530 1 16 9 0
1530 1 16 10 0
1530 1 16 11 0
1530 1 16 12 0
1530 1 16 13 0
1530 1 16 14 0
1530 1 16 15 0
1530 1 16 16 0
1530 1 16 17 0
1530 1 16 18 0
1530 1 16 19 0
1530 1 16 20 0
1530 1 16 21 0
1530 1 16 22 0
1530 1 17 0 0
1530 1 17 1 0
1530 1 17 2 0
1530 1 17 3 0
1530 1 17 4 0
1530 1 17 5 0
1530 1 17 6 0
1530 1 17 7 0
1530 1 17 8 0
1530 1 17 9 0
1530 1 18 0 0
1530 1 18 1 0
1530 1 18 2 0
1530 1 18 3 0
1530 1 18 4 0
1530 1 18 5 1
1530 1 18 6 0
1530 1 18 7 0
1530 1 18 8 0
1530 1 18 9 0
1530 1 18 10 0
1530 1 19 0 0
1530 1 19 1 0
1530 1 19 2 0
1530 1 19 3 0
1530 1 19 4 0
1530 1 19 5 1
1530 1 19 6 0
1530 1 19 7 0
1530 1 19 8 0
1530 1 20 0 0
1530 1 20 1 0
1530 1 20 2 0
1530 1 20 3 0
1530 1 20 4 0
1530 1 20 5 0
1530 1 20 6 0
1530 1 20 7 0
1530 1 20 8 0
1530 1 20 9 0
1530 1 20 10 0
1530 1 20 11 0
1530 1 20 12 0
1530 1 20 13 0
1530 1 20 14 0
1530 1 20 15 0
1530 1 20 16 0
1530 2 21 0 0
1530 2 21 1 0
1530 2 21 2 0
1530 2 21 3 0
1530 2 21 4 0
1530 2 21 5 1
1530 2 21 6 0
1530 2 21 7 0
1530 2 21 8 0
1530 2 21 9 0
1530 2 22 0 0
1530 2 22 1 0
1530 2 22 2 0
1530 2 22 3 0
1530 2 22 4 0
1530 2 22 5 0
1530 2 22 6 0
1530 2 22 7 0
1530 2 22 8 0
1530 2 22 9 0
1530 2 22 10 0
1530 2 22 11 0
1530 2 22 12 0
1530 2 22 13 0
1530 2 22 14 0
1530 2 22 15 0
1530 2 22 16 0
1530 2 23 0 0
1530 2 23 1 0
1530 2 23 2 0
1530 2 23 3 0
1530 2 23 4 0
1530 2 23 5 0
1530 2 23 6 1
1530 2 23 7 0
1530 2 23 8 0
1530 2 23 9 0
1530 2 23 10 0
1530 2 23 11 0
1530 2 23 12 0
1530 2 24 0 0
1530 2 24 1 0
1530 2 24 2 0
1530 2 24 3 0
1530 2 24 4 0
1530 2 24 5 0
1530 2 24 6 0
1530 2 24 7 0
1530 2 24 8 0
1530 2 24 9 0
1530 2 24 10 0
1530 2 24 11 0
1530 2 24 12 0
1530 2 24 13 0
1530 2 25 0 0
1530 2 25 1 1
1530 2 25 2 0
1530 2 25 3 1
1530 2 25 4 0
1530 2 25 5 0
1530 2 25 6 0
1530 2 25 7 0
1530 2 25 8 0
1530 2 25 9 0
1530 2 25 10 0
1530 2 25 11 0
1530 2 25 12 0
1530 2 25 13 1
1530 2 25 14 0
1530 2 25 15 0
1530 2 25 16 0
1530 2 25 17 0
1530 2 26 0 0
1530 2 26 1 0
1530 2 26 2 0
1530 2 26 3 0
1530 2 26 4 0
1530 2 26 5 0
1530 2 26 6 0
1530 2 26 7 0
1530 2 26 8 0
1530 2 26 9 0
1530 2 26 10 1
1530 2 26 11 0
1530 2 26 12 1
1530 2 26 13 0
1530 2 26 14 0
1530 2 26 15 0
1530 2 27 0 0
1530 2 27 1 0
1530 2 27 2 1
1530 2 27 3 0
1530 2 27 4 0
1530 2 27 5 0
1530 2 27 6 1
1530 2 27 7 0
1530 2 27 8 0
1530 2 27 9 0
1530 2 27 10 0
1530 2 27 11 0
1530 2 27 12 0
1530 2 28 0 0
1530 2 28 1 0
1530 2 28 2 0
1530 2 28 3 0
1530 2 28 4 0
1530 2 28 5 0
1530 2 28 6 0
1530 2 28 7 0
1530 2 28 8 0
1530 2 28 9 0
1530 2 28 10 0
1530 2 28 11 0
1530 2 28 12 0
1530 2 28 13 0
1530 2 29 0 0
1530 2 29 1 0
1530 2 29 2 0
1530 2 29 3 0
1530 2 29 4 0
1530 2 29 5 0
1530 2 29 6 0
1530 2 29 7 0
1530 2 29 8 0
1530 2 29 9 0
1530 2 29 10 0
1530 2 29 11 0
1530 2 29 12 0
1530 2 29 13 1
1530 2 29 14 0
1530 2 29 15 0
1530 2 29 16 0
1530 2 29 17 0
1530 2 29 18 0
1530 2 29 19 1
1530 2 29 20 0
1530 2 30 0 0
1530 2 30 1 0
1530 2 30 2 0
1530 2 30 3 0
1530 2 30 4 0
1530 2 30 5 0
1530 2 30 6 1
1530 2 30 7 0
1530 2 30 8 0
1530 2 30 9 0
1530 2 30 10 0
1530 2 30 11 0
1530 2 30 12 0
1530 3 31 0 0
1530 3 31 1 0
1530 3 31 2 0
1530 3 31 3 0
1530 3 31 4 0
1530 3 31 5 0
1530 3 31 6 0
1530 3 31 7 0
1530 3 31 8 0
1530 3 31 9 0
1530 3 31 10 0
1530 3 31 11 0
1530 3 31 12 0
1530 3 31 13 0
1530 3 31 14 0
1530 3 31 15 0
1530 3 31 16 0
1530 3 32 0 0
1530 3 32 1 0
1530 3 32 2 0
1530 3 32 3 0
1530 3 32 4 0
1530 3 32 5 0
1530 3 32 6 0
1530 3 32 7 0
1530 3 32 8 0
1530 3 32 9 0
1530 3 32 10 0
1530 3 32 11 0
1530 3 32 12 0
1530 3 33 0 0
1530 3 33 1 0
1530 3 33 2 0
1530 3 33 3 0
1530 3 33 4 0
1530 3 33 5 0
1530 3 33 6 0
1530 3 33 7 0
1530 3 33 8 0
1530 3 33 9 0
1530 3 33 10 0
1530 3 33 11 0
1530 3 33 12 0
1530 3 34 0 0
1530 3 34 1 0
1530 3 34 2 0
1530 3 34 3 0
1530 3 34 4 0
1530 3 34 5 0
1530 3 34 6 0
1530 3 34 7 0
1530 3 34 8 0
1530 3 34 9 0
1530 3 34 10 0
1530 3 34 11 0
1530 3 34 12 0
1530 3 34 13 0
1530 3 34 14 0
1530 3 34 15 0
1530 3 34 16 0
1530 3 34 17 0
1530 3 35 0 1
1530 3 35 1 0
1530 3 35 2 0
1530 3 35 3 1
1530 3 35 4 0
1530 3 35 5 0
1530 3 35 6 1
1530 3 35 7 0
1530 3 35 8 0
1530 3 35 9 0
1530 3 35 10 0
1530 3 35 11 1
1530 3 35 12 1
1530 3 35 13 0
1530 3 36 0 0
1530 3 36 1 0
1530 3 36 2 0
1530 3 36 3 0
1530 3 36 4 0
1530 3 36 5 0
1530 3 36 6 0
1530 3 36 7 0
1530 3 36 8 0
1530 3 37 0 0
1530 3 37 1 0
1530 3 37 2 0
1530 3 37 3 0
1530 3 37 4 0
1530 3 37 5 0
1530 3 37 6 0
1530 3 37 7 0
1530 3 37 8 0
1530 3 37 9 0
1530 3 37 10 0
1530 3 37 11 0
1530 3 37 12 1
1530 3 37 13 0
1530 3 37 14 0
1530 3 37 15 0
1530 3 37 16 0
1530 3 37 17 0
1530 3 37 18 0
1530 3 37 19 0
1530 3 37 20 0
1530 3 37 21 0
1530 3 37 22 0
1530 3 37 23 0
1530 3 37 24 0
1530 3 37 25 0
1530 3 37 26 0
1530 3 37 27 0
1530 3 38 0 0
1530 3 38 1 0
1530 3 38 2 0
1530 3 38 3 0
1530 3 38 4 0
1530 3 38 5 0
1530 3 38 6 0
1530 3 38 7 0
1530 3 38 8 0
1530 3 38 9 0
1530 3 38 10 0
1530 3 39 0 0
1530 3 39 1 0
1530 3 39 2 0
1530 3 39 3 0
1530 3 39 4 0
1530 3 39 5 0
1530 3 39 6 0
1530 3 39 7 0
1530 3 39 8 0
1530 3 39 9 0
1530 3 39 10 0
1530 3 39 11 0
1530 3 39 12 0
1530 3 39 13 0
1530 3 40 0 0
1530 3 40 1 0
1530 3 40 2 1
1530 3 40 3 0
1530 3 40 4 0
1530 3 40 5 0
1530 3 40 6 0
1530 3 40 7 0
1530 3 40 8 0
1530 3 40 9 1
1530 3 40 10 0
1530 3 40 11 0
1530 4 41 0 0
1530 4 41 1 0
1530 4 41 2 0
1530 4 41 3 0
1530 4 41 4 0
1530 4 41 5 0
1530 4 41 6 0
1530 4 41 7 0
1530 4 41 8 0
1530 4 41 9 0
1530 4 41 10 0
1530 4 41 11 0
1530 4 41 12 0
1530 4 41 13 0
1530 4 42 0 0
1530 4 42 1 0
1530 4 42 2 0
1530 4 42 3 0
1530 4 42 4 0
1530 4 42 5 0
1530 4 42 6 0
1530 4 42 7 0
1530 4 42 8 0
1530 4 42 9 0
1530 4 42 10 0
1530 4 42 11 0
1530 4 42 12 0
1530 4 42 13 1
1530 4 42 14 0
1530 4 42 15 0
1530 4 42 16 0
1530 4 42 17 0
1530 4 42 18 0
1530 4 43 0 0
1530 4 43 1 0
1530 4 43 2 0
1530 4 43 3 0
1530 4 43 4 0
1530 4 43 5 0
1530 4 43 6 0
1530 4 43 7 0
1530 4 43 8 0
1530 4 43 9 0
1530 4 43 10 0
1530 4 43 11 0
1530 4 43 12 0
1530 4 43 13 0
1530 4 43 14 0
1530 4 43 15 1
1530 4 43 16 0
1530 4 44 0 0
1530 4 44 1 0
1530 4 44 2 0
1530 4 44 3 0
1530 4 44 4 0
1530 4 44 5 0
1530 4 44 6 0
1530 4 44 7 0
1530 4 44 8 0
1530 4 44 9 0
1530 4 44 10 0
1530 4 44 11 0
1530 4 44 12 0
1530 4 44 13 0
1530 4 44 14 0
1530 4 45 0 0
1530 4 45 1 0
1530 4 45 2 0
1530 4 45 3 0
1530 4 45 4 0
1530 4 45 5 0
1530 4 45 6 0
1530 4 45 7 0
1530 4 45 8 0
1530 4 45 9 0
1530 4 45 10 0
1530 4 45 11 0
1530 4 45 12 0
1530 4 45 13 0
1530 4 45 14 0
1530 4 45 15 0
1530 4 45 16 0
1530 4 45 17 0
1530 4 45 18 0
1530 4 45 19 0
1530 4 45 20 0
1530 4 45 21 0
1530 4 46 0 0
1530 4 46 1 0
1530 4 46 2 0
1530 4 46 3 0
1530 4 46 4 0
1530 4 46 5 0
1530 4 46 6 0
1530 4 46 7 0
1530 4 46 8 0
1530 4 46 9 0
1530 4 46 10 0
1530 4 46 11 0
1530 4 46 12 0
1530 4 46 13 0
1530 4 46 14 0
1530 4 46 15 0
1530 4 46 16 0
1530 4 47 0 0
1530 4 47 1 0
1530 4 47 2 0
1530 4 47 3 0
1530 4 47 4 0
1530 4 47 5 0
1530 4 47 6 0
1530 4 47 7 0
1530 4 47 8 0
1530 4 47 9 0
1530 4 47 10 0
1530 4 47 11 0
1530 4 47 12 0
1530 4 47 13 0
1530 4 47 14 0
1530 4 48 0 0
1530 4 48 1 0
1530 4 48 2 0
1530 4 48 3 0
1530 4 48 4 0
1530 4 48 5 0
1530 4 48 6 0
1530 4 48 7 0
1530 4 48 8 0
1530 4 48 9 0
1530 4 49 0 0
1530 4 49 1 0
1530 4 49 2 0
1530 4 49 3 0
1530 4 49 4 0
1530 4 49 5 0
1530 4 49 6 0
1530 4 49 7 0
1530 4 49 8 0
1530 4 49 9 0
1530 4 49 10 0
1530 4 49 11 0
1530 4 50 0 0
1530 4 50 1 0
1530 4 50 2 0
1530 4 50 3 0
1530 4 50 4 0
1530 4 50 5 0
1530 4 50 6 0
1530 4 50 7 0
1530 4 50 8 0
1530 4 50 9 0
1530 4 50 10 0
1530 4 50 11 0
1530 4 50 12 0
1530 4 50 13 0
1530 4 50 14 0
1530 4 50 15 0
1530 4 50 16 0
1530 4 50 17 0
1530 4 50 18 0
1530 4 50 19 0
1530 4 50 20 0
1530 10 101 0 0
1530 10 101 1 0
1530 10 101 2 1
1530 10 101 3 0
1530 10 101 4 0
1530 10 101 5 0
1530 10 101 6 0
1530 10 101 7 0
1530 10 101 8 1
1530 10 101 9 0
1530 10 101 10 0
1530 10 101 11 0
1530 10 101 12 0
1530 10 102 0 0
1530 10 102 1 0
1530 10 102 2 0
1530 10 102 3 0
1530 10 102 4 0
1530 10 102 5 0
1530 10 102 6 0
1530 10 102 7 0
1530 10 102 8 0
1530 10 102 9 0
1530 10 102 10 0
1530 10 102 11 0
1530 10 102 12 0
1530 10 102 13 0
1530 10 102 14 0
1530 10 102 15 0
1530 10 102 16 0
1530 10 102 17 0
1530 10 102 18 0
1530 10 102 19 0
1530 10 102 20 0
1530 10 102 21 0
1530 10 102 22 0
1530 10 102 23 0
1530 10 102 24 0
1530 10 102 25 0
1530 10 102 26 0
1530 10 103 0 0
1530 10 103 1 0
1530 10 103 2 0
1530 10 103 3 0
1530 10 103 4 0
1530 10 103 5 0
1530 10 103 6 0
1530 10 103 7 0
1530 10 103 8 0
1530 10 103 9 0
1530 10 103 10 0
1530 10 103 11 0
1530 10 103 12 0
1530 10 103 13 0
1530 10 103 14 0
1530 10 103 15 0
1530 10 103 16 0
1530 10 103 17 0
1530 10 103 18 0
1530 10 103 19 0
1530 10 103 20 0
1530 10 104 0 0
1530 10 104 1 0
1530 10 104 2 0
1530 10 104 3 0
1530 10 104 4 0
1530 10 104 5 0
1530 10 104 6 0
1530 10 104 7 0
1530 10 104 8 0
1530 10 104 9 0
1530 10 104 10 0
1530 10 104 11 0
1530 10 104 12 0
1530 10 104 13 0
1530 10 104 14 0
1530 10 105 0 0
1530 10 105 1 0
1530 10 105 2 0
1530 10 105 3 0
1530 10 105 4 0
1530 10 105 5 0
1530 10 105 6 0
1530 10 105 7 0
1530 10 105 8 0
1530 10 105 9 0
1530 10 105 10 0
1530 10 105 11 0
1530 10 105 12 0
1530 10 106 0 0
1530 10 106 1 0
1530 10 106 2 0
1530 10 106 3 0
1530 10 106 4 0
1530 10 106 5 0
1530 10 106 6 0
1530 10 106 7 0
1530 10 106 8 0
1530 10 106 9 0
1530 10 106 10 0
1530 10 106 11 0
1530 10 106 12 0
1530 10 106 13 0
1530 10 106 14 0
1530 10 106 15 0
1530 10 106 16 0
1530 10 106 17 0
1530 10 106 18 0
1530 10 106 19 0
1530 10 107 0 0
1530 10 107 1 0
1530 10 107 2 0
1530 10 107 3 0
1530 10 107 4 0
1530 10 107 5 0
1530 10 107 6 0
1530 10 107 7 0
1530 10 107 8 0
1530 10 107 9 0
1530 10 107 10 0
1530 10 107 11 0
1530 10 107 12 0
1530 10 107 13 0
1530 10 107 14 0
1530 10 107 15 0
1530 10 108 0 0
1530 10 108 1 1
1530 10 108 2 0
1530 10 108 3 0
1530 10 108 4 0
1530 10 108 5 0
1530 10 108 6 0
1530 10 108 7 0
1530 10 108 8 0
1530 10 108 9 0
1530 10 108 10 0
1530 10 108 11 0
1530 10 109 0 0
1530 10 109 1 0
1530 10 109 2 0
1530 10 109 3 0
1530 10 109 4 0
1530 10 109 5 0
1530 10 109 6 1
1530 10 109 7 0
1530 10 109 8 0
1530 10 110 0 0
1530 10 110 1 0
1530 10 110 2 0
1530 10 110 3 0
1530 10 110 4 0
1530 10 110 5 0
1530 10 110 6 0
1530 10 110 7 0
1530 10 110 8 0
1530 10 110 9 0
1530 10 110 10 0
1530 10 110 11 0
1530 10 110 12 0
1530 10 110 13 0
1530 11 111 0 1
1530 11 111 1 0
1530 11 111 2 0
1530 11 111 3 0
1530 11 111 4 0
1530 11 111 5 0
1530 11 111 6 0
1530 11 111 7 0
1530 11 111 8 0
1530 11 111 9 1
1530 11 111 10 0
1530 11 111 11 0
1530 11 111 12 0
1530 11 111 13 0
1530 11 111 14 0
1530 11 112 0 0
1530 11 112 1 0
1530 11 112 2 0
1530 11 112 3 0
1530 11 112 4 0
1530 11 112 5 0
1530 11 112 6 0
1530 11 112 7 0
1530 11 112 8 0
1530 11 112 9 0
1530 11 112 10 0
1530 11 112 11 0
1530 11 112 12 0
1530 11 112 13 0
1530 11 112 14 0
1530 11 112 15 0
1530 11 112 16 0
1530 11 112 17 0
1530 11 112 18 0
1530 11 112 19 0
1530 11 112 20 0
1530 11 112 21 0
1530 11 112 22 0
1530 11 112 23 0
1530 11 112 24 0
1530 11 112 25 0
1530 11 112 26 0
1530 11 112 27 0
1530 11 112 28 0
1530 11 112 29 0
1530 11 112 30 0
1530 11 113 0 0
1530 11 113 1 0
1530 11 113 2 0
1530 11 113 3 0
1530 11 113 4 0
1530 11 113 5 0
1530 11 113 6 0
1530 11 113 7 0
1530 11 113 8 0
1530 11 113 9 0
1530 11 113 10 0
1530 11 113 11 0
1530 11 113 12 0
1530 11 113 13 0
1530 11 113 14 0
1530 11 113 15 0
1530 11 113 16 0
1530 11 113 17 0
1530 11 113 18 0
1530 11 113 19 0
1530 11 113 20 0
1530 11 113 21 0
1530 11 114 0 0
1530 11 114 1 0
1530 11 114 2 0
1530 11 114 3 0
1530 11 114 4 1
1530 11 114 5 1
1530 11 114 6 0
1530 11 114 7 0
1530 11 114 8 0
1530 11 115 0 0
1530 11 115 1 0
1530 11 115 2 0
1530 11 115 3 0
1530 11 115 4 0
1530 11 115 5 0
1530 11 115 6 0
1530 11 115 7 0
1530 11 115 8 0
1530 11 115 9 0
1530 11 115 10 0
1530 11 115 11 0
1530 11 115 12 0
1530 11 115 13 0
1530 11 115 14 0
1530 11 115 15 0
1530 11 115 16 0
1530 11 115 17 0
1530 11 115 18 0
1530 11 115 19 0
1530 11 115 20 0
1530 11 115 21 0
1530 11 115 22 0
1530 11 115 23 0
1530 11 116 0 0
1530 11 116 1 0
1530 11 116 2 0
1530 11 116 3 0
1530 11 116 4 0
1530 11 116 5 0
1530 11 116 6 0
1530 11 116 7 0
1530 11 116 8 0
1530 11 116 9 0
1530 11 116 10 0
1530 11 117 0 0
1530 11 117 1 0
1530 11 117 2 0
1530 11 117 3 0
1530 11 117 4 0
1530 11 117 5 0
1530 11 117 6 0
1530 11 117 7 0
1530 11 117 8 0
1530 11 117 9 0
1530 11 117 10 0
1530 11 117 11 0
1530 11 117 12 0
1530 11 117 13 0
1530 11 117 14 0
1530 11 117 15 0
1530 11 117 16 0
1530 11 117 17 0
1530 11 117 18 0
1530 11 117 19 0
1530 11 117 20 0
1530 11 117 21 0
1530 11 118 0 0
1530 11 118 1 0
1530 11 118 2 0
1530 11 118 3 0
1530 11 118 4 0
1530 11 118 5 0
1530 11 118 6 0
1530 11 118 7 0
1530 11 118 8 0
1530 11 118 9 0
1530 11 118 10 0
1530 11 118 11 0
1530 11 118 12 0
1530 11 118 13 0
1530 11 118 14 0
1530 11 119 0 0
1530 11 119 1 0
1530 11 119 2 0
1530 11 119 3 0
1530 11 119 4 0
1530 11 119 5 0
1530 11 119 6 0
1530 11 119 7 0
1530 11 119 8 0
1530 11 119 9 0
1530 11 119 10 0
1530 11 119 11 0
1530 11 119 12 0
1530 11 119 13 0
1530 11 119 14 0
1530 11 119 15 0
1530 11 119 16 0
1530 11 119 17 0
1530 11 119 18 0
1530 11 119 19 0
1530 11 119 20 0
1530 11 119 21 1
1530 11 119 22 0
1530 11 120 0 0
1530 11 120 1 0
1530 11 120 2 0
1530 11 120 3 0
1530 11 120 4 0
1530 11 120 5 0
1530 11 120 6 0
1530 11 120 7 0
1530 11 120 8 0
1530 11 120 9 0
1530 11 120 10 0
1530 11 120 11 0
1530 12 121 0 0
1530 12 121 1 0
1530 12 121 2 0
1530 12 121 3 0
1530 12 121 4 0
1530 12 121 5 0
1530 12 121 6 0
1530 12 121 7 0
1530 12 121 8 0
1530 12 121 9 0
1530 12 121 10 0
1530 12 121 11 0
1530 12 121 12 0
1530 12 121 13 0
1530 12 122 0 0
1530 12 122 1 0
1530 12 122 2 0
1530 12 122 3 0
1530 12 122 4 0
1530 12 122 5 0
1530 12 122 6 0
1530 12 122 7 0
1530 12 122 8 0
1530 12 123 0 0
1530 12 123 1 0
1530 12 123 2 0
1530 12 123 3 0
1530 12 123 4 0
1530 12 123 5 0
1530 12 123 6 0
1530 12 123 7 0
1530 12 123 8 0
1530 12 123 9 0
1530 12 123 10 0
1530 12 123 11 0
1530 12 123 12 0
1530 12 123 13 0
1530 12 123 14 0
1530 12 123 15 0
1530 12 123 16 1
1530 12 123 17 0
1530 12 124 0 0
1530 12 124 1 0
1530 12 124 2 0
1530 12 124 3 0
1530 12 124 4 0
1530 12 124 5 0
1530 12 124 6 0
1530 12 124 7 0
1530 12 124 8 0
1530 12 124 9 0
1530 12 124 10 0
1530 12 124 11 0
1530 12 124 12 0
1530 12 124 13 0
1530 12 124 14 0
1530 12 124 15 0
1530 12 125 0 0
1530 12 125 1 0
1530 12 125 2 0
1530 12 125 3 0
1530 12 125 4 0
1530 12 125 5 0
1530 12 125 6 0
1530 12 125 7 0
1530 12 125 8 0
1530 12 125 9 0
1530 12 125 10 0
1530 12 125 11 0
1530 12 125 12 0
1530 12 125 13 0
1530 12 125 14 0
1530 12 125 15 0
1530 12 125 16 0
1530 12 125 17 0
1530 12 125 18 0
1530 12 125 19 0
1530 12 125 20 0
1530 12 126 0 0
1530 12 126 1 0
1530 12 126 2 0
1530 12 126 3 0
1530 12 126 4 0
1530 12 126 5 0
1530 12 126 6 0
1530 12 126 7 0
1530 12 126 8 0
1530 12 126 9 0
1530 12 126 10 0
1530 12 126 11 0
1530 12 126 12 0
1530 12 126 13 0
1530 12 126 14 0
1530 12 126 15 0
1530 12 126 16 0
1530 12 126 17 0
1530 12 126 18 0
1530 12 126 19 0
1530 12 126 20 0
1530 12 126 21 0
1530 12 126 22 0
1530 12 126 23 0
1530 12 126 24 0
1530 12 126 25 0
1530 12 126 26 0
1530 12 126 27 0
1530 12 126 28 1
1530 12 126 29 0
1530 12 126 30 0
1530 12 126 31 0
1530 12 126 32 0
1530 12 126 33 0
1530 12 127 0 0
1530 12 127 1 0
1530 12 127 2 0
1530 12 127 3 0
1530 12 127 4 0
1530 12 128 0 0
1530 12 128 1 0
1530 12 128 2 0
1530 12 128 3 0
1530 12 128 4 0
1530 12 128 5 0
1530 12 128 6 1
1530 12 128 7 0
1530 12 128 8 0
1530 12 128 9 0
1530 12 128 10 0
1530 12 128 11 0
1530 12 128 12 0
1530 12 128 13 0
1530 12 128 14 0
1530 12 128 15 0
1530 12 128 16 0
1530 12 128 17 0
1530 12 128 18 0
1530 12 128 19 0
1530 12 128 20 0
1530 12 128 21 0
1530 12 128 22 0
1530 12 129 0 0
1530 12 129 1 0
1530 12 129 2 0
1530 12 129 3 0
1530 12 129 4 1
1530 12 129 5 0
1530 12 129 6 0
1530 12 129 7 0
1530 12 129 8 0
1530 12 129 9 0
1530 12 130 0 0
1530 12 130 1 0
1530 12 130 2 0
1530 12 130 3 0
1530 12 130 4 0
1530 12 130 5 0
1530 12 130 6 0
1530 12 130 7 0
1530 12 130 8 0
1530 12 130 9 0
1530 12 130 10 0
1530 12 130 11 0
1530 12 130 12 0
1530 12 130 13 0
1530 12 130 14 0
1530 12 130 15 0
1530 12 130 16 0
1530 12 130 17 0
1530 12 130 18 0
1530 12 130 19 0
1530 13 131 0 0
1530 13 131 1 0
1530 13 131 2 0
1530 13 131 3 0
1530 13 131 4 0
1530 13 131 5 0
1530 13 131 6 0
1530 13 131 7 0
1530 13 131 8 0
1530 13 131 9 0
1530 13 131 10 0
1530 13 131 11 0
1530 13 132 0 0
1530 13 132 1 0
1530 13 132 2 0
1530 13 132 3 0
1530 13 132 4 0
1530 13 132 5 0
1530 13 132 6 0
1530 13 132 7 0
1530 13 132 8 0
1530 13 132 9 0
1530 13 132 10 0
1530 13 132 11 0
1530 13 132 12 0
1530 13 132 13 0
1530 13 132 14 0
1530 13 132 15 0
1530 13 132 16 0
1530 13 132 17 0
1530 13 132 18 0
1530 13 132 19 0
1530 13 132 20 0
1530 13 132 21 0
1530 13 132 22 0
1530 13 133 0 0
1530 13 133 1 0
1530 13 133 2 0
1530 13 133 3 0
1530 13 133 4 0
1530 13 133 5 0
1530 13 133 6 0
1530 13 133 7 1
1530 13 133 8 0
1530 13 134 0 0
1530 13 134 1 0
1530 13 134 2 0
1530 13 134 3 1
1530 13 134 4 0
1530 13 134 5 0
1530 13 134 6 0
1530 13 134 7 0
1530 13 134 8 0
1530 13 134 9 0
1530 13 134 10 0
1530 13 134 11 0
1530 13 134 12 0
1530 13 134 13 1
1530 13 134 14 0
1530 13 134 15 0
1530 13 134 16 0
1530 13 135 0 0
1530 13 135 1 0
1530 13 135 2 0
1530 13 135 3 0
1530 13 135 4 1
1530 13 135 5 0
1530 13 135 6 0
1530 13 135 7 0
1530 13 135 8 0
1530 13 135 9 0
1530 13 135 10 0
1530 13 135 11 0
1530 13 135 12 0
1530 13 135 13 0
1530 13 135 14 0
1530 13 135 15 0
1530 13 135 16 0
1530 13 136 0 0
1530 13 136 1 0
1530 13 136 2 0
1530 13 136 3 0
1530 13 136 4 0
1530 13 136 5 0
1530 13 136 6 0
1530 13 136 7 0
1530 13 136 8 0
1530 13 136 9 0
1530 13 136 10 0
1530 13 136 11 0
1530 13 136 12 0
1530 13 136 13 0
1530 13 136 14 0
1530 13 136 15 0
1530 13 136 16 0
1530 13 136 17 0
1530 13 136 18 0
1530 13 136 19 0
1530 13 136 20 0
1530 13 136 21 0
1530 13 136 22 0
1530 13 136 23 0
1530 13 137 0 0
1530 13 137 1 0
1530 13 137 2 0
1530 13 137 3 0
1530 13 137 4 0
1530 13 137 5 0
1530 13 137 6 0
1530 13 137 7 0
1530 13 137 8 0
1530 13 137 9 0
1530 13 137 10 0
1530 13 138 0 0
1530 13 138 1 0
1530 13 138 2 0
1530 13 138 3 0
1530 13 138 4 0
1530 13 138 5 0
1530 13 138 6 0
1530 13 138 7 0
1530 13 138 8 0
1530 13 138 9 0
1530 13 138 10 0
1530 13 138 11 0
1530 13 138 12 0
1530 13 139 0 0
1530 13 139 1 0
1530 13 139 2 0
1530 13 139 3 0
1530 13 139 4 0
1530 13 139 5 0
1530 13 139 6 0
1530 13 139 7 0
1530 13 139 8 0
1530 13 139 9 0
1530 13 139 10 0
1530 13 139 11 0
1530 13 140 0 0
1530 13 140 1 0
1530 13 140 2 0
1530 13 140 3 1
1530 13 140 4 0
1530 13 140 5 0
1530 13 140 6 0
1530 13 140 7 0
1530 13 140 8 0
1530 13 140 9 0
1530 13 140 10 0
1530 13 140 11 0
1530 13 140 12 0
1530 13 140 13 0
1530 13 140 14 0
1530 13 140 15 0
1530 13 140 16 0
